<?xml version="1.0" standalone="no"?>
<!DOCTYPE svg PUBLIC "-//W3C//DTD SVG 20010904//EN"
 "http://www.w3.org/TR/2001/REC-SVG-20010904/DTD/svg10.dtd">
<svg version="1.0" xmlns="http://www.w3.org/2000/svg"
 width="1057.000000pt" height="1057.000000pt" viewBox="0 0 1057.000000 1057.000000"
 preserveAspectRatio="xMidYMid meet">

<g transform="translate(0.000000,1057.000000) scale(0.100000,-0.100000)"
fill="#000000" stroke="none">
<path d="M0 5285 l0 -5285 5285 0 5285 0 0 5285 0 5285 -5285 0 -5285 0 0
-5285z m2762 3206 c40 -15 118 -43 173 -61 55 -18 114 -39 130 -46 17 -7 98
-36 180 -63 83 -27 166 -56 185 -64 19 -9 89 -37 155 -63 131 -50 356 -162
505 -251 52 -31 111 -66 131 -77 175 -101 455 -316 602 -461 49 -48 93 -83 97
-79 4 5 10 18 12 29 3 18 14 21 133 28 161 10 715 1 728 -12 6 -6 1 -21 -13
-41 -16 -22 -19 -35 -12 -42 8 -8 48 25 139 112 137 131 234 214 317 270 29
19 81 55 117 80 35 25 73 51 84 57 80 50 146 90 180 109 96 53 360 194 364
194 3 0 41 16 86 36 107 49 132 59 185 77 25 8 70 25 100 37 30 12 170 62 310
110 140 48 277 97 303 109 87 38 102 27 117 -87 4 -37 13 -98 19 -137 6 -38
16 -122 21 -185 6 -63 16 -160 21 -215 15 -144 17 -1302 2 -1385 -6 -36 -18
-112 -27 -170 -10 -58 -24 -134 -32 -169 -8 -35 -13 -66 -10 -68 14 -14 34 9
39 44 8 61 25 97 40 85 13 -11 129 -354 167 -492 11 -41 25 -88 30 -105 5 -16
12 -43 14 -60 3 -16 13 -55 21 -85 9 -30 17 -64 19 -75 2 -11 13 -60 25 -110
33 -146 51 -236 62 -310 6 -38 17 -97 24 -130 8 -33 18 -105 24 -160 17 -164
19 -177 30 -255 6 -41 16 -167 21 -280 6 -113 13 -227 16 -253 9 -72 -2 -110
-54 -179 -132 -176 -349 -364 -546 -473 -56 -30 -112 -62 -126 -69 -14 -8 -65
-31 -115 -51 -49 -20 -103 -43 -120 -50 -40 -17 -270 -71 -365 -86 -41 -6
-100 -15 -130 -19 -30 -5 -96 -9 -146 -9 l-91 -1 -81 98 c-45 53 -100 118
-123 144 -22 25 -48 57 -57 70 -8 12 -29 38 -45 57 -19 22 -25 37 -19 43 12
12 122 58 138 58 14 0 148 60 219 97 64 34 234 141 260 164 11 10 54 47 96 83
95 82 203 211 195 232 -7 18 -2 20 -126 -61 -167 -110 -224 -144 -275 -165
-27 -12 -86 -39 -130 -60 -171 -82 -535 -188 -775 -225 -212 -33 -283 -42
-420 -54 -130 -12 -710 -12 -845 0 -229 20 -489 61 -660 105 -55 14 -113 29
-130 34 -38 9 -248 82 -296 103 -20 8 -39 20 -43 25 -4 6 25 73 64 148 38 75
70 141 70 146 0 42 -92 -88 -115 -162 -16 -54 -57 -110 -78 -110 -28 0 -199
85 -222 110 -15 17 -16 24 -5 52 7 18 26 47 42 63 15 17 28 39 28 49 0 18 80
135 129 188 13 15 21 31 17 35 -18 18 -148 -147 -217 -277 -18 -34 -38 -64
-45 -67 -17 -6 -44 9 -141 80 -54 38 -89 57 -99 53 -21 -8 -15 -21 40 -93 48
-64 228 -231 274 -254 28 -14 83 -50 92 -59 12 -14 210 -121 255 -138 28 -11
64 -27 80 -36 17 -9 35 -16 41 -16 24 0 104 -42 104 -54 0 -14 -46 -66 -239
-273 l-124 -133 -71 1 c-176 1 -517 63 -666 120 -30 11 -64 23 -75 26 -22 6
-157 67 -190 86 -11 6 -45 25 -75 42 -72 39 -260 168 -282 191 -9 11 -41 39
-70 64 -107 89 -281 312 -264 339 3 4 6 95 7 201 1 107 5 205 10 219 8 24 22
159 33 301 2 30 8 87 14 125 55 348 57 357 116 635 25 114 57 244 68 275 6 17
16 55 23 86 14 64 44 156 180 559 23 68 48 126 55 128 17 6 30 -17 30 -53 0
-38 48 -185 66 -205 12 -12 14 -12 14 5 0 10 -9 60 -20 110 -12 49 -26 112
-32 138 -5 27 -17 112 -26 190 -19 175 -29 1016 -13 1117 6 36 17 162 25 280
26 365 62 600 92 600 2 0 36 -13 76 -29z"/>
<path d="M4680 4809 c-19 -5 -123 -15 -230 -23 -107 -9 -238 -20 -290 -26 -52
-6 -138 -15 -190 -20 -204 -22 -252 -31 -293 -51 -116 -58 -138 -185 -47 -274
l41 -40 102 0 c56 0 120 4 142 8 50 10 254 38 320 44 28 2 115 11 195 19 80 8
209 21 287 29 79 8 151 19 162 24 62 34 98 134 69 195 -49 101 -148 144 -268
115z"/>
<path d="M5765 4804 c-81 -30 -121 -95 -113 -184 9 -92 79 -150 180 -150 21 0
57 -5 80 -10 24 -6 133 -17 243 -25 226 -16 447 -40 517 -56 26 -6 84 -11 130
-12 102 -2 142 16 176 83 19 37 22 54 17 100 -5 45 -12 61 -41 92 -60 61 -97
69 -469 109 -99 10 -274 28 -390 39 -115 11 -228 22 -250 25 -23 2 -57 -2 -80
-11z"/>
<path d="M5270 4390 c-13 -8 -12 -13 6 -37 12 -15 30 -29 40 -31 23 -3 79 51
70 67 -9 13 -95 14 -116 1z"/>
</g>
</svg>
